B|0|80.2326|CDW: Steel Edge
B|1|80.2326|CDW: Steel Edge
B|2|0.308219|CPS: P-Tex 2100
B|3|-1|Not assigned
B|4|0.48576|Poplar - Light
B|5|1.3952|European Beech
B|6|5.7004600000000005|HongTex: EC-DBL-635
B|7|2.0303900000000006|Chomarat: RUBAN 7018 F
B|8|0.43478300000000003|Isosport: ICP 5275
B|9|5.75246|HongTex: EC-DBL-800-30M
B|10|-1|IMS Plast: 5mm ABS
B|11|-1|IMS Plast: 5mm ABS
B|12|-1|Not assigned
B|13|-1|Not assigned
B|14|0.0010006700000000002|Semperit: Haberkorn Rubber
B|15|-1|Not assigned
S|20|841.4711858127148|132.28350701715814
L|20|0|0|1.3,-46.55085;0,-46.55085;0,-48.55086;1.8,-48.55086;1.8,-41.75084;1.3,-41.75084;
L|20|1|0|1.3,46.55085;1.3,41.75084;1.8,41.75084;1.8,48.55086;0,48.55086;0,46.55085;1.3,46.55085;
L|20|2|0|0,-46.45085;1.2,-46.45085;1.2,46.45085;0,46.45085;
L|20|4|0|13.72852,45.16085;2.24,45.16085;2.24,41.25084;1.64,41.25084;1.64,30;13.72852,30;
L|20|4|0|13.72852,-30;1.64,-30;1.64,-41.25084;2.24,-41.25084;2.24,-45.16085;13.72852,-45.16085;
L|20|5|0|1.64,30;1.64,27.75;8.72466,27.75;8.72466,24.75;1.64,24.75;1.64,20.25;8.72466,20.25;8.72466,17.25;1.64,17.25;1.64,12.75;8.72466,12.75;8.72466,9.75;1.64,9.75;1.64,5.25;8.72466,5.25;8.72466,2.25;1.64,2.25;1.64,-2.25;8.72466,-2.25;8.72466,-5.25;1.64,-5.25;1.64,-9.75;8.72466,-9.75;8.72466,-12.75;1.64,-12.75;1.64,-17.25;8.72466,-17.25;8.72466,-20.25;1.64,-20.25;1.64,-24.75;8.72466,-24.75;8.72466,-27.75;1.64,-27.75;1.64,-30;13.72852,-30;13.72852,30;
L|20|6|0|13.28813,-46.57072;13.28813,-46.59059;13.28813,-46.61046;13.4348,-46.59245;13.58146,-46.57444;13.72813,-46.55644;13.72813,-46.55458;13.72813,-46.55272;13.72813,-46.55086;13.72559,-46.49471;13.71806,-46.43919;13.70574,-46.38465;13.68878,-46.33146;13.66736,-46.27997;13.64165,-46.23053;13.61183,-46.18351;13.57806,-46.13926;13.54052,-46.09814;13.49941,-46.06049;13.45511,-46.02656;13.40802,-45.99659;13.35855,-45.97081;13.30709,-45.94946;13.25401,-45.9327;13.19962,-45.92062;13.14422,-45.91331;13.08813,-45.91085;1.64,-45.91085;1.64,45.91085;13.08813,45.91085;13.14428,45.9134;13.1998,45.92092;13.25433,45.93325;13.30752,45.9502;13.35902,45.97162;13.40845,45.99733;13.45547,46.02716;13.49972,46.06093;13.54084,46.09847;13.57849,46.13957;13.61242,46.18387;13.6424,46.23096;13.66817,46.28044;13.68952,46.33189;13.70628,46.38497;13.71836,46.43936;13.72567,46.49476;13.72813,46.55086;13.72813,46.55272;13.72813,46.55458;13.72813,46.55644;13.58146,46.57444;13.4348,46.59245;13.28813,46.61046;13.28813,46.59059;13.28813,46.57072;13.28813,46.55086;13.28733,46.53331;13.28498,46.51595;13.28113,46.4989;13.27584,46.48228;13.26915,46.46619;13.26113,46.45075;13.25183,46.43608;13.2413,46.42228;13.2296,46.40948;13.2168,46.39778;13.203,46.38725;13.18831,46.37793;13.17285,46.36989;13.15675,46.36319;13.14011,46.35788;13.12305,46.35401;13.10568,46.35165;13.08813,46.35085;1.6,46.35085;1.5649,46.34926;1.53017,46.34454;1.49604,46.33681;1.46276,46.32618;1.43055,46.31278;1.39964,46.2967;1.37027,46.27807;1.34266,46.257;1.31706,46.2336;1.29366,46.208;1.27261,46.18041;1.254,46.15106;1.23796,46.12019;1.22459,46.08801;1.21399,46.05476;1.20629,46.02066;1.20159,45.98595;1.2,45.95085;1.2,-45.95085;1.20144,-45.98412;1.20568,-46.01706;1.21263,-46.04947;1.2222,-46.08117;1.23429,-46.11194;1.24879,-46.14161;1.26563,-46.16996;1.28469,-46.1968;1.30589,-46.22193;1.32912,-46.24517;1.35424,-46.26635;1.38106,-46.28539;1.40939,-46.3022;1.43902,-46.31668;1.46976,-46.32873;1.50143,-46.33827;1.53382,-46.3452;1.56674,-46.34943;1.6,-46.35085;13.08813,-46.35085;13.10568,-46.35165;13.12303,-46.354;13.14008,-46.35785;13.15671,-46.36315;13.1728,-46.36983;13.18823,-46.37786;13.20291,-46.38716;13.2167,-46.39769;13.2295,-46.40938;13.2412,-46.42219;13.25174,-46.43599;13.26105,-46.45068;13.26909,-46.46613;13.27579,-46.48224;13.28111,-46.49888;13.28497,-46.51594;13.28733,-46.5333;13.28813,-46.55086;
L|20|8|0|14.41186,-46.47248;14.54519,-46.45611;14.67852,-46.43974;14.67852,46.43974;14.54519,46.45611;14.41186,46.47248;14.27852,46.48886;14.27852,-46.48886;
L|20|9|0|14.09519,46.51137;13.91186,46.53388;13.72813,46.55644;13.72813,-46.55644;13.91186,-46.53388;14.09519,-46.51137;14.27852,-46.48886;14.27852,46.48886;
L|20|10|0|7.09483,-47.3709;10.18967,-46.99091;13.2845,-46.61091;13.2845,-46.52422;13.2845,-46.43754;13.28449,-46.35085;1.8,-46.35085;1.8,-48.55086;4,-48.55073;4,-47.75072;
L|20|11|0|4,48.55086;1.8,48.55086;1.8,46.35085;13.2845,46.35085;13.2845,46.43754;13.2845,46.52422;13.2845,46.61091;10.18967,46.99091;7.09483,47.3709;4,47.7509;
S|41|1744.0631597676766|6.858144899069318
L|41|2|0|0,55.18042;0,-55.18046;1.2,-55.18042;1.2,55.18042;
L|41|6|0|1.2,47.74148;1.2,-47.74148;1.64,-47.74148;1.64,47.74148;
L|41|7|0|1.64,47.74148;1.64,-47.74148;1.84,-47.74148;1.84,47.74148;
L|41|8|0|6.4843,-55.17842;6.61764,-55.17839;6.75097,-55.17836;6.75097,55.17836;6.61764,55.17839;6.4843,55.17842;6.35097,55.17845;6.35097,-55.17845;
L|41|9|0|6.35097,55.17845;6.16764,55.17849;5.9843,55.17853;5.80097,55.17857;5.80097,-55.17857;5.9843,-55.17853;6.16764,-55.17849;6.35097,-55.17845;
L|41|13|0|4.00255,55.17897;3.26837,55.17915;2.53418,55.17938;1.8,55.17965;1.8,-55.17965;2.53418,-55.17938;3.26837,-55.17915;4.00255,-55.17897;4,-55.17898;4.60032,-55.17885;5.20065,-55.17871;5.80097,-55.17857;5.80097,55.17857;5.20065,55.17871;4.60032,55.17885;4,55.17898;
L|41|14|0|1.87333,55.17962;1.80667,55.17964;1.74,55.17967;1.74,-55.17967;1.80667,-55.17964;1.87333,-55.17962;1.94,-55.17959;1.94,55.17959;